226360
065440
099220
362320
396270
208710
036120
111870
278650
032820
219550
037440
090710
025320
045510
101170
064260
005860
096040
332290
018620
246690
214610
064480
050110
031860
074430
019550
222080
027710
900110
054930
083650
377460
044060
151860
205470
003310
041440
014200
310210
030350
024810
021880
340440
263800
257720
100660
192410
099440
038950
049480
043910
057540
056700
412350
075970
224060
002680
006910
086890
065420
113810
060310
090410
131400
195990
175250
044180
092600
396300
900260
066410
319400
081150
308100
054090
336570
101730
073560
950130
100130
038880
046120
365590
044480
261780
297090
900340
049720
370090
025440
053050
900300
035810
037350
068240
217600
267320
024740
323280
102370
035460
094170
042940
018000
900310
016600
066970
128540
036540
218150
118990
065450
053270
159910
058610
121800
080420
900270
016790
900120
017000
042110
043220
222810
046970
225570
115450
256840
010280
217620
112040
019770
026150
091990
179290
317850
067630
073640
067310
089530
214680
041590
100090
114190
376180
306620
085370
142280
035890
060560
294140
001840
046390
121850
090460
096530
399720
038620
036930
287410
095910
136480
104480
060900
097870
020180
005290
900280
106240
042040
291650
048530
247540
084650
288980
298380
076610
124560
086980
293490
014620
143540
900290
037950
048550
058820
389030
258610
388050
252990
049180
131220
016920
035600
137400
025880
068940
376930
033500
041190
052300
041460
060230
900070
293780
011370
028300
222800
290380
173130
303030
025980
091580
290650
196170
040350
353810
053030
061250
187270
109820
091700
024880
033100
363260
299900
382900
047920
033170
119500
013810
043340
096690
245620
281740
198440
034230
240810
069920
241690
277810
389260
096350
086520
195940
074600
036090
308080
094860
089140
138070
131290
033310
073570
333430
034940
078940
192250
078130
038010
193250
046440
009620
007720
382480
032680
054630
089230
078860
263750
300120
095500
205100
206560
080220
088800
177350
021040
211270
036630
051780
031330
373200
121600
048410
196490
077360
189860
060240
215100
094820
037370
033830
208640
064240
084990
066310
336060
049070
950220
063440
058450
038110
043590
013310
900250
032580
027360
206640
007390
082660
253590
036180
208140
258830
027580
064550
091590
000250
098460
137950
239340
141080
101400
139050
013720
035900
085670
019570
058400
049630
060260
123010
083790
114450
123410
078150
041510
052020
048870
227950
053300
023410
151910
187660
060370
082800
037070
063170
021080
053060
060250
289080
109960
087260
086390
052900
153710
228760
046940
027830
038500
040610
023160
197140
019590
043260
230980
115530
043100
297570
182400
179530
025950
035080
136410
067170
106520
101670
377030
064800
268600
214270
014190
109610
214150
022100
044490
066790
029960
129890
054300
270520
043200
009520
317830
015750
086820
022220
078600
045390
220100
166090
046890
067290
126640
030520
351330
246720
365270
368770
117730
108320
057680
036890
317240
090150
011320
065170
049080
357880
014940
115480
072770
054210
025550
273060
114840
142760
050860
307870
072520
082850
226950
012860
003380
039440
039290
335890
298870
082210
048770
225590
095340
217500
070590
126880
042510
126600
038540
222420
067000
060150
006730
276730
108860
039420
277410
065510
122690
056080
263600
058630
065350
046210
036620
036640
178320
088910
164060
054450
079970
206650
024840
220260
203650
035620
051380
125210
060540
251370
054940
190510
024850
117670
053590
189980
038530
010170
079810
246710
353190
026910
099430
307750
094480
019010
061970
046070
060720
102120
234690
170030
050890
041960
227610
084370
184230
065060
264850
348370
289220
033230
153490
334970
068050
049470
291230
041020
012340
036170
126700
014470
242040
086060
032800
095660
263050
066590
059090
104040
085660
140410
033130
361570
137940
033540
039240
084180
059120
056090
052600
104200
253840
006050
089030
347890
389140
330730
030190
045300
200230
054540
272290
357550
067160
323990
047310
104540
037030
071670
294630
323230
101360
228670
119830
066430
108490
052220
319660
115610
290510
105550
019990
201490
048830
033290
051980
088290
073010
010240
131970
255220
039200
007820
185490
313760
048260
149980
252500
076080
036200
115440
096630
007770
236810
307180
115160
232680
124500
033640
200470
227100
137080
204840
012700
099320
234100
382840
079190
059270
053950
054670
067990
142210
071280
095610
122350
104830
122870
050090
011560
086040
066980
065530
024940
144960
033160
032280
260660
388720
340360
160550
243840
100790
253450
311390
078890
383310
001810
131760
085910
353590
119850
037760
019660
365900
023440
247660
083640
042370
078350
010470
322780
032620
214870
205500
053800
078160
051500
310200
023760
038060
099410
039980
218410
033050
044780
086450
235980
131090
007530
241520
043710
114810
030530
053260
299660
043610
105740
024060
213420
101160
276040
140670
200710
238090
237690
290660
087010
361390
023770
036010
018700
043090
102710
039020
376300
032080
032500
131370
027050
053450
051490
278280
068760
045660
060380
036710
037400
237750
089970
128660
051370
220180
059210
006620
241840
024800
065150
352700
123750
277880
094970
225430
089150
066910
051360
196700
312610
080160
092300
078020
004590
043150
032540
089890
069540
039560
065770
123420
211050
042000
080520
065500
081580
297890
298540
027040
002290
369370
098120
035290
171090
025900
053290
122450
066670
263020
101490
078340
037330
018290
215380
063080
265520
307280
254120
073540
204020
100700
094360
089790
095700
187790
259630
061040
063570
071460
067010
109860
050760
331380
356860
080000
208370
091120
206400
064290
013030
092190
101000
040160
230360
094940
148780
215790
232140
056190
031510
038070
195500
069330
054050
095190
174900
250930
130740
039610
043360
047820
133750
226330
090360
222980
230240
037230
045100
950140
068790
258790
377330
950200
256630
054920
054950
045340
174880
057030
115500
056360
183490
134580
060590
189300
123040
208340
169330
147830
262260
053980
044960
093520
083930
088390
047080
317120
013990
051160
086670
082270
069080
065950
091440
038460
092040
086960
140070
017250
089980
115960
083660
130500
004650
225190
186230
119610
149950
352910
045970
039310
083310
092460
221840
182360
094850
127710
005160
192390
052670
024950
058110
017510
046310
017890
042600
144510
340570
226340
359090
234300
305090
318010
261200
096610
376290
347700
048910
196450
097800
264450
036810
146320
039340
053080
263700
265740
286750
251120
150900
339950
148150
377220
075130
026040
014570
085810
317330
290740
058470
194480
000440
067390
282880
183300
039030
138610
357580
131180
377450
052860
039860
224110
032850
011040
089010
062970
294090
376980
177830
053160
033560
228850
032190
200130
241710
083500
031310
204620
179900
154030
217730
013120
043650
272110
092070
098660
032980
054040
274090
214450
104620
047560
241790
083450
067570
131390
035760
084730
048470
038680
018310
066700
127120
001000
340930
023790
007370
171010
371950
079950
321260
222160
019540
079940
136540
159010
065650
357230
016100
215000
290550
093380
228340
071200
052460
090850
035200
049520
080010
072020
047770
067900
104460
052400
207760
065680
217480
038870
101240
121440
351320
348210
039840
122640
024120
054620
068930
294570
203690
139670
065660
141000
156100
079370
019210
288620
032960
263810
040420
191420
008290
003100
200670
250060
237880
054780
050120
021650
140520
376190
089850
215200
214370
006920
123840
138580
053580
102940
049950
086710
251630
053350
041930
053610
317530
067920
036000
066620
109080
072870
321820
950190
084850
025770
372800
307930
212560
072950
338220
290670
273640
042500
035610
031980
064820
309930
147760
315640
066130
080530
244460
265560
008370
070300
014970
226400
036830
004780
347770
041920
250000
036030
082920
063760
048430
223250
289010
011080
314130
317690
239890
093920
029480
310870
377480
303530
005670
099750
120240
108380
161570
042420
111710
330860
217820
020710
073490
072990
126340
021320
337930
044340
039740
270660
163730
166480
304840
067730
100030
060480
072470
263770
101930
101330
241820
225530
079170
049960
154040
347860
290120
069410
285490
332370
204630
033320
225220
347740
187420
327260
333620
024910
198080
069140
320000
014100
214260
016250
352480
067770
299170
222040
131100
260930
290720
217270
204270
049120
161580
263860
267790
017480
158430
039830
032300
145020
103840
008470
036690
110020
288330
219420
034810
200350
348150
330350
099190
096240
067080
275630
216080
052710
052330
123570
053700
214310
214180
155650
302550
025870
064090
053620
100120
080580
109740
331920
012790
298060
357780
065690
099390
238120
032940
256150
037460
108230
100590
217190
071850
017650
023600
078140
318000
015710
256940
096870
301300
263720
216050
079650
159580
040910
007680
138080
950170
290090
191410
168330
008830
321550
215480
290690
203400
009300
052790
114630
023460
030960
053280
052260
049430
317770
110790
160980
363250
270870
080470
290520
060570
059100
352940
148250
122990
122310
028080
065570
040300
084110
018680
041910
140860
054410
060280
036480
088130
304100
243070
115570
064760
215360
101390
058970
335810
311320
093190
115310
382800
066900
066360
143240
065370
086900
203450
219130
277070
036560
002800