102280
011690
001470
005110
001440
005930
008700
001250
034020
011700
008040
004310
002900
015860
214330
005030
037560
005880
002140
001570
105840
316140
002720
011930
010140
028670
016380
006880
001510
011200
000660
002360
015760
007460
004410
034830
000520
010050
092220
090370
003580
001780
093370
004250
010820
086790
017040
002700
088350
000270
105560
004100
035720
007660
055550
024110
005380
034220
032640
009270
017550
323410
103590
003530
005935
001790
002710
117580
009200
008350
042670
011300
088980
018470
003490
009830
003010
047040
005070
030200
005420
249420
001390
064350
010690
091090
074610
028050
353200
128820
002780
138930
091810
001140
068270
023150
009190
006740
003080
003060
066570
005690
047810
052690
020120
004920
302440
025860
018880
008970
008560
027740
004060
017960
000990
006340
042700
006800
000490
950210
058730
016880
033180
020150
007120
047050
082740
130660
035420
003520
003560
002880
006360
005940
018500
001210
096770
348950
000890
032350
009810
009150
003410
001520
017670
000300
004770
012800
011000
031820
025750
001740
020760
001230
035250
004020
294870
024890
005390
336260
042660
075580
204320
138490
175330
298690
002150
093230
026890
015590
377300
002630
272210
051600
009310
000230
352820
014160
000720
033780
003000
200880
007210
161390
000400
037270
013360
005850
267260
118000
013570
005950
009180
005320
402340
036420
008600
395400
009460
139130
012450
079160
010600
033240
129260
019170
007110
001120
006490
009580
012030
025620
071090
241560
015020
192650
365550
000040
012280
073240
007810
005490
069460
011330
009160
036460
178920
035150
003690
010060
004700
011210
008420
003280
014530
001450
010950
002070
012160
006400
004090
011090
090430
025820
020560
114090
028260
102460
000180
039130
015230
003550
030000
126560
033250
000370
003670
051910
089590
105630
084680
012330
001360
058850
081660
017180
004870
004255
095720
013000
036580
004990
013700
267250
005440
100250
014580
030210
373220
330590
005870
137310
078930
012690
044380
001020
013520
000080
047400
010620
001340
002410
259960
329180
002760
009540
214420
004430
241590
008770
016360
016740
267270
009900
009410
377190
002690
092200
011150
021050
133820
272450
012510
317400
001795
000880
001380
417310
016090
004830
008260
111770
007980
375500
195870
251270
032830
012170
383800
009290
900140
004140
183190
011790
007540
120110
271560
093240
322000
010120
136490
014710
404990
000150
002350
071050
293940
012610
011070
000100
000060
006060
006380
000220
361610
336370
069260
010660
085310
003470
051900
001800
027410
011420
004980
026940
007280
088260
003480
006260
145720
101140
138040
006200
002870
012630
005720
036570
112610
248070
005830
023960
003220
383220
079550
014280
213500
381970
014990
034730
181710
003850
092440
396690
007070
009420
357120
096300
139480
210540
145270
017800
000540
123890
006890
009070
019180
031430
086280
007860
001200
004000
002450
001530
090080
023530
017900
103140
004560
004540
090350
018260
300720
089860
003780
002220
003610
035510
011280
014910
192820
029460
019680
000020
307950
009440
002790
326030
088790
021240
011500
001680
003160
122900
005387
016710
005360
009320
010640
004710
010420
072130
271940
350520
033920
281820
077500
001620
004270
003570
097520
004440
001550
029780
083420
077970
015260
014790
008060
005250
285130
010960
027970
207940
026960
180640
161890
001290
002100
000240
084870
070960
007570
071950
000810
020000
372910
082640
000210
010100
017370
003680
041650
033530
011230
229640
019685
006110
030720
003720
194370
004720
039490
001060
071970
008930
104700
049800
032560
002460
053690
024900
068400
011170
023350
069730
009240
005090
000430
139990
067830
161000
058860
034120
004960
004105
005960
003090
005385
244920
400760
011780
000225
002990
004150
069960
084010
003230
010780
007700
017810
023800
013890
092780
000910
093050
010040
010400
033270
064960
014130
085620
003070
095570
013870
378850
089470
025540
111110
069620
004380
192080
334890
079980
014440
267290
214390
284740
014680
051630
005500
011760
023590
034310
102260
004170
044450
000970
010130
003545
001040
001820
066575
094800
068290
002380
001560
023810
008110
115390
002020
078520
084690
100220
028100
308170
123690
119650
155660
008730
005945
001880
012750
008250
004800
002320
002210
004490
053210
363280
097230
339770
002310
005680
108670
003495
016610
000120
282330
006120
081000
007690
005750
025560
044820
298040
014830
010955
003540
000680
030610
097950
264900
006220
063160
015890
005300
006980
298050
001430
009970
023000
096760
000390
079430
004360
007340
100840
006280
004910
004840
025530
018250
185750
002240
006840
001940
009450
306200
344820
357430
005740
163560
210980
009835
013580
071840
234080
024090
128940
120030
004690
055490
338100
271980
226320
011810
003030
293480
002390
006650
227840
016450
009275
007590
001500
002420
248170
214320
006660
001260
001770
024070
024720
029530
003960
204210
058430
002355
002620